Iteration | max|V-Vprev| | # chg actions | V[0]
----------+--------------+---------------+---------
   0      | 0.33333      |  N/A          | 0.000
   1      | 0.10556      |    1          | 0.000
   2      | 0.06685      |    1          | 0.000
   3      | 0.06351      |    2          | 0.000
   4      | 0.04357      |    1          | 0.000
   5      | 0.03821      |    4          | 0.003
   6      | 0.02857      |    2          | 0.008
   7      | 0.02437      |    0          | 0.014
   8      | 0.01952      |    0          | 0.021
   9      | 0.01624      |    0          | 0.028
  10      | 0.01384      |    0          | 0.036
  11      | 0.01173      |    0          | 0.044
  12      | 0.01047      |    1          | 0.052
  13      | 0.00948      |    0          | 0.060
  14      | 0.00852      |    1          | 0.068
  15      | 0.00782      |    0          | 0.075
  16      | 0.00733      |    0          | 0.083
  17      | 0.00694      |    0          | 0.090
  18      | 0.00656      |    0          | 0.096
  19      | 0.00618      |    0          | 0.102
  20      | 0.00580      |    0          | 0.108
  21      | 0.00542      |    0          | 0.114
  22      | 0.00506      |    0          | 0.119
  23      | 0.00471      |    0          | 0.123
  24      | 0.00437      |    0          | 0.128
  25      | 0.00406      |    0          | 0.132
  26      | 0.00376      |    0          | 0.135
  27      | 0.00348      |    0          | 0.139
  28      | 0.00322      |    0          | 0.142
  29      | 0.00298      |    0          | 0.145
  30      | 0.00275      |    0          | 0.148
  31      | 0.00254      |    0          | 0.150
  32      | 0.00235      |    0          | 0.153
  33      | 0.00217      |    0          | 0.155
  34      | 0.00200      |    0          | 0.157
  35      | 0.00184      |    0          | 0.159
  36      | 0.00170      |    0          | 0.161
  37      | 0.00157      |    0          | 0.162
  38      | 0.00144      |    0          | 0.164
  39      | 0.00133      |    0          | 0.165
  40      | 0.00123      |    0          | 0.166
  41      | 0.00113      |    0          | 0.167
  42      | 0.00104      |    0          | 0.168
  43      | 0.00096      |    0          | 0.169
  44      | 0.00089      |    0          | 0.170
  45      | 0.00082      |    0          | 0.171
  46      | 0.00075      |    0          | 0.172
  47      | 0.00069      |    0          | 0.172
  48      | 0.00064      |    0          | 0.173
  49      | 0.00059      |    0          | 0.174
  50      | 0.00054      |    0          | 0.174
  51      | 0.00050      |    0          | 0.175
  52      | 0.00046      |    0          | 0.175
  53      | 0.00042      |    0          | 0.176
  54      | 0.00039      |    0          | 0.176
  55      | 0.00036      |    0          | 0.176
  56      | 0.00033      |    0          | 0.177
  57      | 0.00031      |    0          | 0.177
  58      | 0.00028      |    0          | 0.177
  59      | 0.00026      |    0          | 0.177
  60      | 0.00024      |    0          | 0.178
  61      | 0.00022      |    0          | 0.178
  62      | 0.00020      |    0          | 0.178
  63      | 0.00019      |    0          | 0.178
  64      | 0.00017      |    0          | 0.178
  65      | 0.00016      |    0          | 0.179
  66      | 0.00015      |    0          | 0.179
  67      | 0.00013      |    0          | 0.179
  68      | 0.00012      |    0          | 0.179
  69      | 0.00011      |    0          | 0.179
  70      | 0.00011      |    0          | 0.179
  71      | 0.00010      |    0          | 0.179
  72      | 0.00009      |    0          | 0.179
  73      | 0.00008      |    0          | 0.180
  74      | 0.00008      |    0          | 0.180
  75      | 0.00007      |    0          | 0.180
  76      | 0.00006      |    0          | 0.180
  77      | 0.00006      |    0          | 0.180
  78      | 0.00005      |    0          | 0.180
  79      | 0.00005      |    0          | 0.180
  80      | 0.00005      |    0          | 0.180
  81      | 0.00004      |    0          | 0.180
  82      | 0.00004      |    0          | 0.180
  83      | 0.00004      |    0          | 0.180
  84      | 0.00003      |    0          | 0.180
  85      | 0.00003      |    0          | 0.180
  86      | 0.00003      |    0          | 0.180
  87      | 0.00003      |    0          | 0.180
  88      | 0.00002      |    0          | 0.180
  89      | 0.00002      |    0          | 0.180
  90      | 0.00002      |    0          | 0.180
  91      | 0.00002      |    0          | 0.180
  92      | 0.00002      |    0          | 0.180
  93      | 0.00002      |    0          | 0.180
  94      | 0.00001      |    0          | 0.180
  95      | 0.00001      |    0          | 0.180
  96      | 0.00001      |    0          | 0.180
  97      | 0.00001      |    0          | 0.180
  98      | 0.00001      |    0          | 0.180
  99      | 0.00001      |    0          | 0.180