Iteration | # chg actions | V[0]
----------+---------------+---------
   0      |      1        | -0.00000
   1      |      9        | -0.00000
   2      |      5        | 0.03903
   3      |      3        | 0.13140
   4      |      0        | 0.18047
   5      |      0        | 0.18047
   6      |      0        | 0.18047
   7      |      0        | 0.18047
   8      |      0        | 0.18047
   9      |      0        | 0.18047
  10      |      0        | 0.18047
  11      |      0        | 0.18047
  12      |      0        | 0.18047
  13      |      0        | 0.18047
  14      |      0        | 0.18047
  15      |      0        | 0.18047
  16      |      0        | 0.18047
  17      |      0        | 0.18047
  18      |      0        | 0.18047
  19      |      0        | 0.18047